   1 -11  19 -17   2 -13  18 -20   1   1   6   0  17  -9 -15  19   0
 -11 -11  11 -19   2  -1   5   6   1   3   5   9  18 -20   4 -12   5
   2 -15   6   3 -20  -5   2  -6 -13 -16   9 -13   0  -6  -3  -2  13
   0  12  17 -15  17   3 -11  20  10 -17   6   5  -4   7 -17  -9  19
  18 -12  -1 -15   2  -5 -20   1  10  17   7  12  -8   7   6 -17  -8
  12  -4   1 -17   3  -5 -11  -4 -16  -2  -7  20  12  12  -2  19 -15
 -13  19   5  -8   9  -3   8  -8 -11   2   1  12 -20 -16 -14  -8 -18
  10 -16   0  12 -17 -11 -15   3   7  -9  14 -10  13   8 -17   7  17
 -10   1  -8  -3 -11  -2  -9 -19  -2   2   8 -11  13  -9 -17  15  13
 -10 -16   7 -13  19 -20   8   5   1   6 -16   0  -9 -15  -1   7  11
